0 16 158
0 22 181
0 24 167
0 26 129
0 28 198
0 48 153
0 59 106
0 63 169
0 65 137
0 78 124
0 97 195
1 39 136
1 82 153
2 6 179
2 10 154
2 19 181
2 26 143
2 35 175
2 59 188
2 61 143
2 80 129
2 85 150
2 92 143
3 12 182
3 34 151
3 36 184
3 37 147
3 57 175
3 74 180
3 75 148
3 80 134
3 83 121
4 13 131
4 29 168
4 44 124
4 49 130
4 66 122
4 76 164
4 80 193
4 84 188
4 85 150
4 92 113
4 98 174
5 9 100
5 15 134
5 27 185
5 33 104
5 34 155
5 52 146
5 57 140
5 65 149
5 78 147
5 83 110
5 84 132
6 2 179
6 12 170
6 18 176
6 21 112
6 28 194
6 37 169
6 49 143
6 51 159
6 60 189
6 62 107
6 80 131
6 93 115
6 95 135
7 14 195
7 18 149
7 21 178
7 58 120
7 62 152
7 66 125
7 67 184
7 77 175
7 78 170
7 95 178
8 16 111
8 33 130
8 38 179
8 56 171
8 58 163
8 59 187
8 80 109
8 95 110
8 96 106
9 5 100
9 19 118
9 20 138
9 22 144
9 28 127
9 73 116
9 77 120
9 79 145
9 97 171
9 98 190
10 2 154
10 12 144
10 39 192
10 45 127
10 53 107
10 61 134
10 62 119
10 69 144
10 75 149
10 85 182
10 97 130
10 98 188
11 15 148
11 24 122
11 32 141
11 38 123
11 79 170
12 3 182
12 6 170
12 10 144
12 18 157
12 44 157
12 56 150
12 60 155
12 72 185
12 80 185
12 83 178
12 85 197
12 88 117
13 4 131
13 55 182
13 64 139
13 76 153
13 78 128
13 94 161
14 7 195
14 20 120
14 26 186
14 28 143
14 45 194
14 54 192
14 56 139
14 58 105
14 65 121
14 77 146
14 81 113
14 88 121
14 90 117
14 92 138
15 5 134
15 11 148
15 23 195
15 35 180
15 46 123
15 54 118
15 55 120
15 65 174
15 70 140
15 87 165
15 91 156
15 93 106
15 99 147
16 0 158
16 8 111
16 24 154
16 38 148
16 53 109
16 61 193
16 64 153
16 77 185
16 80 148
16 90 197
16 98 168
17 54 142
17 59 106
17 65 192
17 67 153
18 6 176
18 7 149
18 12 157
18 20 169
18 31 137
18 42 132
18 50 103
18 63 183
18 77 179
18 85 132
19 2 181
19 9 118
19 38 118
19 41 147
19 53 152
19 57 139
19 61 170
19 89 130
19 94 141
20 9 138
20 14 120
20 18 169
20 29 186
20 30 153
20 33 179
20 38 149
20 55 155
20 72 125
20 94 162
21 6 112
21 7 178
21 54 198
21 56 180
21 71 101
21 90 132
21 95 120
22 0 181
22 9 144
22 24 113
22 37 136
22 81 162
22 87 104
22 99 134
23 15 195
23 30 143
23 31 198
23 40 105
23 43 118
23 46 120
23 47 110
23 53 153
23 82 112
23 95 182
23 99 106
24 0 167
24 11 122
24 16 154
24 22 113
24 31 116
24 36 102
24 47 103
24 50 199
24 61 110
24 63 112
24 65 171
24 71 152
24 77 148
24 79 100
24 88 103
24 96 149
25 35 185
25 57 167
26 0 129
26 2 143
26 14 186
26 27 154
26 28 194
26 37 179
26 55 150
26 69 169
26 81 101
26 94 145
26 99 187
27 5 185
27 26 154
27 28 165
27 48 113
27 54 108
27 65 194
27 70 144
27 74 189
27 96 162
28 0 198
28 6 194
28 9 127
28 14 143
28 26 194
28 27 165
28 35 161
28 36 115
28 52 124
28 68 197
29 4 168
29 20 186
29 39 121
29 40 143
29 43 175
29 48 166
29 50 156
29 59 121
29 62 186
29 87 112
30 20 153
30 23 143
30 41 146
30 43 108
30 54 136
30 60 140
30 77 120
30 81 102
30 85 135
30 97 181
31 18 137
31 23 198
31 24 116
31 35 157
31 51 143
31 93 167
31 96 109
32 11 141
32 36 147
32 42 147
32 49 133
32 51 104
32 68 174
32 69 196
32 72 144
32 90 193
32 93 150
33 5 104
33 8 130
33 20 179
33 37 118
33 61 142
33 64 118
33 80 183
33 99 193
34 3 151
34 5 155
34 69 135
34 77 186
35 2 175
35 15 180
35 25 185
35 28 161
35 31 157
35 39 176
35 53 161
35 71 144
35 80 192
35 86 173
36 3 184
36 24 102
36 28 115
36 32 147
36 45 121
36 52 110
36 56 188
36 58 138
36 67 163
36 72 132
36 90 151
36 95 191
37 3 147
37 6 169
37 22 136
37 26 179
37 33 118
37 39 167
37 46 192
37 52 173
37 77 186
37 81 186
37 87 136
37 93 117
38 8 179
38 11 123
38 16 148
38 19 118
38 20 149
38 45 149
38 84 132
38 87 115
38 94 151
38 95 194
39 1 136
39 10 192
39 29 121
39 35 176
39 37 167
39 40 196
39 46 117
39 55 103
39 88 178
39 93 182
40 23 105
40 29 143
40 39 196
40 54 138
40 56 142
40 60 134
40 76 101
40 82 102
40 85 153
40 87 109
40 91 129
41 19 147
41 30 146
41 42 171
41 46 109
41 67 171
41 68 145
41 73 147
41 75 160
41 93 188
42 18 132
42 32 147
42 41 171
42 48 120
42 49 157
42 53 123
42 55 189
42 62 167
42 67 138
42 70 145
42 76 154
42 78 112
43 23 118
43 29 175
43 30 108
43 49 199
43 51 182
43 83 141
44 4 124
44 12 157
44 51 158
44 73 196
44 82 110
44 85 169
44 88 126
44 94 149
44 95 119
44 98 134
45 10 127
45 14 194
45 36 121
45 38 149
45 50 100
45 59 120
45 67 167
46 15 123
46 23 120
46 37 192
46 39 117
46 41 109
46 56 179
46 62 157
46 84 128
47 23 110
47 24 103
47 62 127
47 72 149
48 0 153
48 27 113
48 29 166
48 42 120
48 55 112
48 59 124
48 64 160
48 76 173
48 98 174
49 4 130
49 6 143
49 32 133
49 42 157
49 43 199
49 64 123
49 65 109
49 69 155
49 78 170
50 18 103
50 24 199
50 29 156
50 45 100
50 70 109
50 73 181
50 98 150
51 6 159
51 31 143
51 32 104
51 43 182
51 44 158
51 59 189
51 60 101
52 5 146
52 28 124
52 36 110
52 37 173
52 87 175
53 10 107
53 16 109
53 19 152
53 23 153
53 35 161
53 42 123
53 91 121
53 97 143
54 14 192
54 15 118
54 17 142
54 21 198
54 27 108
54 30 136
54 40 138
54 57 127
54 72 165
54 76 150
54 80 146
54 89 175
54 99 142
55 13 182
55 15 120
55 20 155
55 26 150
55 39 103
55 42 189
55 48 112
55 59 132
55 63 154
55 91 177
56 8 171
56 12 150
56 14 139
56 21 180
56 36 188
56 40 142
56 46 179
56 65 101
56 75 152
56 81 125
56 83 158
56 92 106
56 93 179
56 94 117
57 3 175
57 5 140
57 19 139
57 25 167
57 54 127
57 59 152
57 65 122
57 79 119
57 87 117
57 94 160
58 7 120
58 8 163
58 14 105
58 36 138
58 59 156
58 69 193
58 76 145
58 79 137
58 81 128
58 82 127
58 93 130
59 0 106
59 2 188
59 8 187
59 17 106
59 29 121
59 45 120
59 48 124
59 51 189
59 55 132
59 57 152
59 58 156
59 66 122
59 77 122
59 92 174
59 95 104
59 98 157
60 6 189
60 12 155
60 30 140
60 40 134
60 51 101
60 76 189
60 92 111
60 95 180
61 2 143
61 10 134
61 16 193
61 19 170
61 24 110
61 33 142
61 75 120
62 6 107
62 7 152
62 10 119
62 29 186
62 42 167
62 46 157
62 47 127
62 70 141
62 81 104
62 84 199
63 0 169
63 18 183
63 24 112
63 55 154
63 89 166
63 93 134
63 99 162
64 13 139
64 16 153
64 33 118
64 48 160
64 49 123
64 66 191
64 70 156
64 93 197
64 98 189
65 0 137
65 5 149
65 14 121
65 15 174
65 17 192
65 24 171
65 27 194
65 49 109
65 56 101
65 57 122
65 70 136
65 81 130
65 91 193
66 4 122
66 7 125
66 59 122
66 64 191
66 99 134
67 7 184
67 17 153
67 36 163
67 41 171
67 42 138
67 45 167
67 74 100
67 77 179
67 83 104
67 87 138
67 93 104
67 99 172
68 28 197
68 32 174
68 41 145
68 76 193
68 77 143
68 82 134
68 87 139
68 94 150
69 10 144
69 26 169
69 32 196
69 34 135
69 49 155
69 58 193
69 71 171
70 15 140
70 27 144
70 42 145
70 50 109
70 62 141
70 64 156
70 65 136
70 71 123
70 72 122
70 75 112
71 21 101
71 24 152
71 35 144
71 69 171
71 70 123
71 77 108
71 84 114
72 12 185
72 20 125
72 32 144
72 36 132
72 47 149
72 54 165
72 70 122
72 82 172
72 85 119
73 9 116
73 41 147
73 44 196
73 50 181
73 74 105
73 93 122
73 99 155
74 3 180
74 27 189
74 67 100
74 73 105
74 80 195
75 3 148
75 10 149
75 41 160
75 56 152
75 61 120
75 70 112
75 90 114
75 92 156
76 4 164
76 13 153
76 40 101
76 42 154
76 48 173
76 54 150
76 58 145
76 60 189
76 68 193
76 82 171
76 90 125
76 95 134
76 98 126
77 7 175
77 9 120
77 14 146
77 16 185
77 18 179
77 24 148
77 30 120
77 34 186
77 37 186
77 59 122
77 67 179
77 68 143
77 71 108
78 0 124
78 5 147
78 7 170
78 13 128
78 42 112
78 49 170
78 86 151
78 89 119
78 92 195
79 9 145
79 11 170
79 24 100
79 57 119
79 58 137
79 84 125
79 94 102
80 2 129
80 3 134
80 4 193
80 6 131
80 8 109
80 12 185
80 16 148
80 33 183
80 35 192
80 54 146
80 74 195
80 82 191
80 84 171
80 86 102
80 93 170
80 97 134
81 14 113
81 22 162
81 26 101
81 30 102
81 37 186
81 56 125
81 58 128
81 62 104
81 65 130
81 88 116
82 1 153
82 23 112
82 40 102
82 44 110
82 58 127
82 68 134
82 72 172
82 76 171
82 80 191
82 85 153
83 3 121
83 5 110
83 12 178
83 43 141
83 56 158
83 67 104
83 99 113
84 4 188
84 5 132
84 38 132
84 46 128
84 62 199
84 71 114
84 79 125
84 80 171
84 88 102
85 2 150
85 4 150
85 10 182
85 12 197
85 18 132
85 30 135
85 40 153
85 44 169
85 72 119
85 82 153
86 35 173
86 78 151
86 80 102
87 15 165
87 22 104
87 29 112
87 37 136
87 38 115
87 40 109
87 52 175
87 57 117
87 67 138
87 68 139
87 90 141
87 92 163
88 12 117
88 14 121
88 24 103
88 39 178
88 44 126
88 81 116
88 84 102
88 90 144
88 98 195
89 19 130
89 54 175
89 63 166
89 78 119
90 14 117
90 16 197
90 21 132
90 32 193
90 36 151
90 75 114
90 76 125
90 87 141
90 88 144
91 15 156
91 40 129
91 53 121
91 55 177
91 65 193
91 93 163
91 94 162
91 95 150
91 96 124
91 99 124
92 2 143
92 4 113
92 14 138
92 56 106
92 59 174
92 60 111
92 75 156
92 78 195
92 87 163
93 6 115
93 15 106
93 31 167
93 32 150
93 37 117
93 39 182
93 41 188
93 56 179
93 58 130
93 63 134
93 64 197
93 67 104
93 73 122
93 80 170
93 91 163
93 96 193
94 13 161
94 19 141
94 20 162
94 26 145
94 38 151
94 44 149
94 56 117
94 57 160
94 68 150
94 79 102
94 91 162
95 6 135
95 7 178
95 8 110
95 21 120
95 23 182
95 36 191
95 38 194
95 44 119
95 59 104
95 60 180
95 76 134
95 91 150
96 8 106
96 24 149
96 27 162
96 31 109
96 91 124
96 93 193
97 0 195
97 9 171
97 10 130
97 30 181
97 53 143
97 80 134
98 4 174
98 9 190
98 10 188
98 16 168
98 44 134
98 48 174
98 50 150
98 59 157
98 64 189
98 76 126
98 88 195
99 15 147
99 22 134
99 23 106
99 26 187
99 33 193
99 54 142
99 63 162
99 66 134
99 67 172
99 73 155
99 83 113
99 91 124
